# timecode format v2
0.000
38.570
77.140
115.722
154.304
192.848
231.440
269.987
308.561
347.131
385.696
424.263
462.841
501.428
539.974
578.541
617.112
655.682
694.255
732.824
771.390
809.972
848.539
887.097
925.672
964.238
1002.808
1041.376
1079.950
1118.537
1157.089
1195.665
1234.234
1272.803
1311.362
1349.946
1388.502
1427.081
1465.643
1504.239
1542.786
1581.360
1619.933
1658.489
1697.065
1735.634
1774.199
1812.775
1851.351
1889.909
1928.482
1967.057
2005.633
2044.212
2082.753
2121.328
2159.898
2198.470
2237.036
2275.616
2314.171
2352.761
2391.312
2429.885
2468.450
2507.023
2545.590
2584.166
2622.731
2661.353
2699.867
2738.455
2777.011
2815.580
2854.169
2892.724
2931.291
2969.863
3008.427
3047.001
3085.582
3124.131
3162.706
3201.271
3239.838
3278.411
3316.991
3355.556
3394.119
3432.694
3471.267
3509.833
3548.401
3586.977
3625.541
3664.108
3702.672
3741.245
3779.817
3818.394
3856.953
3895.525
3934.134
3972.794
4011.230
4049.801
4088.389
4126.940
4165.523
4204.080
4242.665
4281.219
4319.788
4358.359
4396.924
4435.503
4474.065
4512.643
4551.211
4589.783
4628.376
4666.930
4705.487
4744.056
4782.617
4821.204
4859.766
4898.329
4936.908
4975.484
5014.044
5052.605
5091.174
5129.772
5168.322
5206.886
5245.459
5284.025
5322.603
5361.164
5399.741
5438.300
5476.870
5515.454
5554.017
5592.581
5631.146
5669.727
5708.292
5746.856
5785.432
5824.003
5862.567
5901.145
5939.716
5978.279
6016.846
6055.418
6093.979
6132.558
6171.118
6209.687
6248.279
6286.829
6325.408
6363.992
6402.530
6441.106
6479.669
6518.250
6556.807
6595.376
6633.946
6672.517
6711.080
6749.650
6788.234
6826.769
6865.332
6903.888
6942.457
6981.022
7019.634
7058.132
7096.692
7135.252
7173.820
7212.370
7250.992
7289.489
7328.076
7366.621
7405.173
7443.733
7482.298
7520.855
7559.427
7597.981
7636.546
7675.094
7713.652
7752.211
7790.772
7829.332
7867.893
7906.454
7945.015
7983.577
8022.134
8060.696
8099.256
8137.816
8176.377
8214.937
8253.498
8292.057
8330.619
8369.187
8407.751
8446.318
8484.864
8523.421
8561.981
8600.541
8639.104
8677.663
8716.223
8754.786
8793.345
8831.906
8870.466
8909.026
8947.604
8986.158
9024.723
9063.278
9101.872
9140.405
9178.961
9217.517
9256.073
9294.636
9333.195
9371.762
9410.318
9448.877
9487.447
9526.121
9564.563
9603.126
9641.700
9680.257
9718.823
9757.366
9795.929
9834.486
9873.047
9911.609
9950.173
9988.730
10027.295
10065.854
10104.412
10142.972
10182.138
10220.105
10258.656
10297.218
10335.777
10374.337
10412.899
10451.464
10490.021
10528.582
10567.144
10605.705
10644.265
10682.827
10721.396
10759.948
10798.527
10837.079
10875.631
10914.193
10952.754
10991.315
11029.877
11068.437
11106.998
11145.560
11184.123
11222.682
11261.245
11299.812
11338.366
11376.927
11415.498
11454.052
11492.612
11531.171
11569.735
11608.294
11646.857
11685.417
11723.976
11762.538
11801.100
11839.662
11878.222
11916.784
11955.344
11993.908
12032.468
12071.029
12109.590
12148.155
12186.723
12225.277
12263.845
12302.402
12340.996
12379.532
12418.089
12456.647
12495.212
12533.794
12572.335
12610.900
12649.458
12688.038
12726.578
12765.139
12803.699
12842.293
12880.826
12919.386
12957.947
12996.511
13035.067
13073.628
13112.194
13150.751
13189.313
13227.876
13266.452
13305.008
13343.572
13382.131
13420.696
13459.243
13497.805
13536.366
13574.934
13613.490
13652.050
13690.612
13729.174
13767.735
13806.297
13844.859
13883.421
13921.983
13960.544
13999.106
14037.668
14076.230
14114.792
14153.353
14191.917
14230.479
14269.040
14307.602
14346.163
14384.724
14423.289
14461.869
14500.412
14538.975
14577.535
14616.097
14654.662
14693.221
14731.783
14770.345
14808.914
14847.469
14886.031
14924.595
14963.154
15001.733
15040.295
15078.841
15117.402
15155.964
15194.526
15233.086
15271.650
15310.212
15348.773
15387.336
15425.897
15464.459
15503.022
15541.592
15580.147
15618.708
15657.271
15695.833
15734.434
15772.958
15811.523
15850.086
15888.686
15927.207
15965.766
16004.328
16042.890
16081.454
16120.016
16158.578
16197.140
16235.703
16274.264
16312.826
16351.388
16389.952
16428.514
16467.076
16505.639
16544.200
16582.763
16621.326
16659.888
16698.449
16737.012
16775.578
16814.135
16852.701
16891.262
16929.826
16968.386
17006.948
17045.512
17084.075
17122.637
17161.200
17199.760
17238.323
17276.886
17315.447
17354.009
17392.573
17431.136
17469.698
17508.259
17546.824
17585.385
17623.948
17662.510
17701.073
17739.638
17778.198
17816.759
17855.329
17893.884
17932.459
17971.012
18009.575
18048.140
18086.697
18125.259
18163.822
18202.385
18240.950
18279.512
18318.074
18356.635
18395.199
18433.762
18472.322
18510.885
18549.449
18588.011
18626.573
18665.135
18703.699
18742.260
18780.823
18819.386
18857.949
18896.512
18935.076
18973.639
19012.200
19050.764
19089.325
19127.888
19166.451
19205.014
19243.579
19282.140
19320.702
19359.264
19397.828
19436.390
19474.951
19513.515
19552.077
19590.640
19629.204
